8699
4027
7276
786
39
6099
3502
7262
4011
6368
8516
6024
396
4585
9168
4681
9216
2244
6817
9115
6663
2106
6899
9887
5992
7346
2477
7850
9954
5643
2254
4842
9165
9255
1401
6850
8816
8101
5348
1813
1369
6094
5052
1478
9061
1049
229
2766
6801
2889
6045
7163
9092
6028
4406
5684
8649
2152
9551
2331
8245
2408
2979
91
3199
7847
2942
1312
6571
7650
3447
1561
7328
4770
6894
1778
4315
7647
2273
5687
6315
6244
5654
2808
2973
4637
3969
9627
4939
1575
5301
2327
9318
2870
2196
7997
8998
7246
1787
1883
6609
1512
913
3375
1231
6959
1717
8702
6136
9591
4742
3306
1142
302
4266
4803
3605
7670
6485
1603
3091
9873
8846
6930
4064
524
5906
4273
3801
3251
9463
4148
2555
3114
2694
5235
1775
8107
6139
7795
8781
3967
7098
7603
7635
4618
1373
7072
4015
3223
4028
2066
9515
4486
4037
5290
9803
1378
5295
515
2127
2431
5157
2692
2010
3647
9798
3648
7237
9967
8929
8830
3242
4762
6263
3672
6083
4018
6100
789
1968
2340
4323
1103
4616
2744
3944
697
63
3777
3404
5259
967
3049
7619
6202
800
6645
3900
4603
8480
3301
3716
4418
2887
470
9222
7195
6005
5659
9209
6604
4895
3834
5582
7228
4545
2738
4934
4390
8890
7465
5204
4562
7683
3317
3384
1480
5853
9418
5135
7524
9395
5085
5790
8860
4800
4936
8819
514
5873
9468
8123
3499
2060
429
1772
5323
1042
9307
5024
4366
7830
5119
5810
5141
